[[58,59,60,61,62,63,64],[66,67,68,69,70,71,72]]
=>[[58,59,60,61,62,63,64],[66,67,68,69,70,71,72]]

[[58,59,60,61,62,63,64],[62,63,64,65,66,67,68]]
->[[58,59,60,61],[62,63,64,65]]
+[[62,63,64],[66,67,68]]
=>[[58,59,60,61],[62,63,64,65],[66,67,68,69]]
+[[62,63,64],[70,71,72]]

[[47,48,49,50,51,52,53],[55,56,57,58,59,60,61]]
=>[[50,51,52,53],[58,59,60,61],[62,63,64,65],[66,67,68,69]]
+[[62,63,64],[70,71,72]]
+[[47,48,49],[55,56,57]]

[[31,32,33,34,35,36],[108,109,110,111,112,113]]
=>[[50,51,52,53],[58,59,60,61],[62,63,64,65],[66,67,68,69]]
+[[62,63,64],[70,71,72]]
+[[47,48,49],[55,56,57]]
+[[31,32,33,34,35,36],[108,109,110,111,112,113]]

[[45,46,47,48,49,50,51,52,53,54],[49,50,51,52,53,54,55,56,57,58]]
=>[[46,47,48,49],[50,51,52,53],[54,55,56,57],[58,59,60,61],[62,63,64,65],[66,67,68,69]]
+[[62,63,64],[70,71,72]]
+[[31,32,33,34,35,36],[108,109,110,111,112,113]]
+[[45],[49]]

[[60,61,62,63,64,65,66],[145,146,147,148,149,150,151]]
=>[[46,47,48,49],[50,51,52,53],[54,55,56,57],[58,59,60,61],[62,63,64,65],[66,67,68,69],[147,148,149,150]]
+[[62,63,64],[70,71,72]]
+[[31,32,33,34,35,36],[108,109,110,111,112,113]]
+[[45],[49]]
+[[60,61],[145,146]]
+[[66],[151]]

[[60,61,62,63,64,65],[137,138,139,140,141,142]]
=>[[46,47,48,49],[50,51,52,53],[54,55,56,57],[58,59,60,61],[62,63,64,65],[66,67,68,69],[139,140,141,142],[147,148,149,150]]
+[[62,63,64],[70,71,72]]
+[[31,32,33,34,35,36],[108,109,110,111,112,113]]
+[[45],[49]]
+[[60,61],[137,138],[145,146]]
+[[66],[151]]

[[142,143,144,145,146,147,148,149,150,151],[146,147,148,149,150,151,152,153,154,155]]
=>[[46,47,48,49],[50,51,52,53],[54,55,56,57],[58,59,60,61],[62,63,64,65],[66,67,68,69],[139,140,141,142],[143,144,145,146],[147,148,149,150],[151,152,153,154]]
+[[62,63,64],[70,71,72]]
+[[31,32,33,34,35,36],[108,109,110,111,112,113]]
+[[45],[49]]
+[[60,61],[137,138],[145,146]]
+[[66],[151],[155]]
+[[142],[146]]

[[181,182,183,184,185,186,187,188,189,190,191],[182,183,184,185,186,187,188,189,190,191,192]]
->[[181],[182],[183],[184],[185],[186],[187],[188],[189],[190],[191],[192]]

[[24,25,26,27,28,29],[101,102,103,104,105,106]]

[[47,48,49,50,51,52,53,54],[144,145,146,147,148,149,150,151]]
=>"

[[45,46,47,48,49,50,51,52,53,54],[138,139,140,141,142,143,144,145,146,147]]
=>:[[46,47,48,49],[50,51,52,53],[54,55,56,57],[58,59,60,61],[62,63,64,65],[66,67,68,69],[139,140,141,142],[143,144,145,146],[147,148,149,150],[151,152,153,154]]
+[[62,63,64],[70,71,72]]
+[[31,32,33,34,35,36],[108,109,110,111,112,113]]
+:[[45],[49],[138]]
+[[60,61],[137,138],[145,146]]
+[[66],[151],[155]]
+[[142],[146]]

[[44,45,46,47,48,49,50,51,52,53,54],[145,146,147,148,149,150,151,152,153,154,155]]
=>:[[46,47,48,49],[50,51,52,53],[54,55,56,57],[58,59,60,61],[62,63,64,65],[66,67,68,69],[139,140,141,142],[143,144,145,146],[147,148,149,150],[151,152,153,154]]
+[[62,63,64],[70,71,72]]
+[[31,32,33,34,35,36],[108,109,110,111,112,113]]
+:[[45],[49],[138]]
+:[[44,45],[60,61],[137,138],[145,146]]
+[[54],[66],[151],[155]]
+[[142],[146]]

NOW:
[[46,47,48,49],[50,51,52,53],[54,55,56,57],[58,59,60,61],[62,63,64,65],[66,67,68,69],[139,140,141,142],[143,144,145,146],[147,148,149,150],[151,152,153,154]]
46,4,6
139,4,4
=>46,16,1
139,16,1
