NOTATION:
(start,length,translations)
FORMULAS:
1: (s,l,[t1]),(s,l,[t2]) => (s,l,[t1,t2])
2: l1+l2=l: (s,l,t) => (s,l1,t),(s+l1,l2,t)
3: l2<l1, s2=s1+t1: (s1,l1,[t1]),(s2,l2,[t1,t2]) => (s1,l1,[t1]),(s2+t1,l2,[t2-t1])
4: s2=s1+t1: (s1,l,[t1]),(s2,l,t) => (s1,l,[t1,t+t1])
RULES:
A: l=i*t: (s,l,[t]) => (s,t,[t..2*t..l])
B: s2=s1+t1-t2, t2<t1: => remove (s2,l,t2)
: l1<l2: (s,l1,t1),(s,l2,t2) => (s,l1,[t1,t2]),(s+l1,)

(58,7,[8])
=>(58,7,[8])

(58,7,[4])
->(58,4,[4]),(62,3,[4])
->(58,4,[4]),(62,3,[4]),(58,7,[8])
=>(58,7,[4]),(58,7,[8])
1=>(58,7,[4,8])
2=>(58,4,[4,8]),(62,3,[4,8])
3=>(58,4,[4,8]),(66,3,[4])

(47,7,[8])
=>(47,7,[8]),(58,4,[4,8]),(66,3,[4])
2=>(47,3,[8]),(50,4,[8]),(58,4,[4,8]),(66,3,[4])
4=>(47,3,[8]),(50,4,[8,12,16]),(66,3,[4])

(31,6,[77])
=>(31,6,[77]),(47,3,[8]),(50,4,[8,12,16]),(66,3,[4])

(45,10,[4])
2->(45,1,[4]),(46,8,[4]),(54,1,[4])
A->(45,1,[4]),(46,4,[4,8]),(54,1,[4])
=>(31,6,[77]),(45,1,[4]),(46,4,[4,8]),(47,3,[8]),(50,4,[8,12,16]),(54,1,[4]),(66,3,[4])
4=>(31,6,[77]),(45,1,[4]),(46,4,[4,8,12,16,20]),(47,3,[8]),(54,1,[4]),(66,3,[4])
B=>(31,6,[77]),(45,1,[4]),(46,4,[4,8,12,16,20]),(66,3,[4])


(60,7,[85])
[[60,61,62,63,64,65,66],[145,146,147,148,149,150,151]]
2->(60,2,[85]),(62,4,[85]),(66,1,[85])
=>(31,6,[77]),(45,1,[4]),(46,4,[4,8,12,16,20,101]),(60,2,[85]),(66,1,[85]),(66,3,[4])

(60,6,[77])
2->(60,2,[77]),(62,4,[77])
=>(31,6,[77]),(45,1,[4]),(46,4,[4,8,12,16,20,93,101]),(60,2,[77,85]),(66,1,[85]),(66,3,[4])

(142,10,[4])
2,A->(142,1,[4]),(143,4,[4,8]),(151,1,[4])
=>(31,6,[77]),(45,1,[4]),(46,4,[4,8,12,16,20,93,97,101]),(60,2,[77,85]),(66,1,[85,89]),(66,3,[4]),(142,1,[4])

(181,11,[1])
->(181,1,[1,2,3,4,5,6,7,8,9,10])
=>"+(181,1,[1,2,3,4,5,6,7,8,9,10])

(24,6,[77])
=>"+(24,6,[77])

(47,8,[97])
=>"

(45,10,[93])
=>:[[46,47,48,49],[50,51,52,53],[54,55,56,57],[58,59,60,61],[62,63,64,65],[66,67,68,69],[139,140,141,142],[143,144,145,146],[147,148,149,150],[151,152,153,154]]
+[[62,63,64],[70,71,72]]
+[[31,32,33,34,35,36],[108,109,110,111,112,113]]
+:[[45],[49],[138]]
+[[60,61],[137,138],[145,146]]
+[[66],[151],[155]]
+[[142],[146]]

[[44,45,46,47,48,49,50,51,52,53,54],[145,146,147,148,149,150,151,152,153,154,155]]
=>:[[46,47,48,49],[50,51,52,53],[54,55,56,57],[58,59,60,61],[62,63,64,65],[66,67,68,69],[139,140,141,142],[143,144,145,146],[147,148,149,150],[151,152,153,154]]
+[[62,63,64],[70,71,72]]
+[[31,32,33,34,35,36],[108,109,110,111,112,113]]
+:[[45],[49],[138]]
+:[[44,45],[60,61],[137,138],[145,146]]
+[[54],[66],[151],[155]]
+[[142],[146]]

NOW:
[[46,47,48,49],[50,51,52,53],[54,55,56,57],[58,59,60,61],[62,63,64,65],[66,67,68,69],[139,140,141,142],[143,144,145,146],[147,148,149,150],[151,152,153,154]]
46,4,6
139,4,4
=>46,16,1
139,16,1
